lat = -15.573150

lon = -56.035578